3
class CampoJuego
4
Marco
CPU
class SeisPuntos	class NuevePuntos	class CampodeApoyo	class QuincePuntos	completo
47
0,0	0,2
0,2	2,2
0,2	0,4
0,4	0,6
0,6	0,8
0,6	2,6
2,6	4,6
4,4	4,6
2,0	4,0
4,0	4,2
4,2	4,4
6,10	8,10
6,10	6,12
6,12	6,14
4,14	6,14
2,14	4,14
2,12	2,14
2,10	2,12
2,8	2,10
2,8	4,8
8,12	8,14
0,8	0,10
0,10	0,12
0,12	0,14
4,10	6,10
4,8	4,10
2,10	4,10
8,10	8,12
6,12	8,12
6,14	8,14
2,2	4,2
0,0	2,0
2,0	2,2
4,12	6,12
4,10	4,12
4,12	4,14
2,12	4,12
2,2	2,4
0,4	2,4
2,4	2,6
2,4	4,4
4,6	4,8
2,6	2,8
0,8	2,8
0,10	2,10
0,12	2,12
2,14	0,14
fin
class CampoJuego
4
Marcos Lopez
CPU
class NuevePuntos	class QuincePuntos	class CampodeApoyo	class SeisPuntos	completo
47
0,0	0,2
4,6	4,8
0,2	0,4
4,6	6,6
0,4	0,6
2,6	4,6
0,6	0,8
2,10	4,10
0,8	0,10
4,4	4,6
0,10	0,12
4,10	6,10
0,12	0,14
2,8	2,10
0,0	2,0
6,8	6,10
2,0	4,0
4,2	4,4
0,14	2,14
2,10	2,12
4,14	2,14
2,2	2,4
8,6	8,8
6,6	8,6
4,0	4,2
4,12	4,14
8,8	8,10
0,6	2,6
0,4	2,4
0,2	2,2
2,0	2,2
2,4	2,6
2,2	4,2
2,4	4,4
6,10	8,10
6,8	8,8
6,6	6,8
4,8	6,8
4,8	4,10
2,8	4,8
2,6	2,8
2,8	0,8
0,10	2,10
0,12	2,12
2,12	2,14
2,12	4,12
4,10	4,12
fin
class QuincePuntos
Marco
CPU
22
0,0	0,2
4,0	6,0
0,2	0,4
6,0	8,0
0,4	2,4
2,4	4,4
4,2	6,2
0,0	2,0
6,2	6,4
6,4	8,4
8,0	8,2
2,0	4,0
4,0	4,2
6,0	6,2
6,2	8,2
8,2	8,4
4,4	6,4
4,2	4,4
2,0	2,2
0,2	2,2
2,2	2,4
2,2	4,2
fin
